163047926 1
163048845 1
163050991 1
163051998 1
163054097 1
163056889 1
163059030 1
163061826 1
163063968 1
163064927 1
163067069 1
163069865 1
163072017 1
163074802 1
163076944 1
163077942 1
163080085 1
163081040 1
163083186 1
163084144 1
163086287 1
163087245 1
163089388 1
163090346 1
163092489 1
163093447 1
163095590 1
163096548 1
163098691 1
163099649 1
163101791 1
163102790 1
163104932 1
163105883 1
163108033 1
163108992 1
163111134 1
163112066 1
163114235 1
163117031 1
163119173 1
163120132 1
163122274 1
163125070 1
163127213 1
163130006 1
163132133 1
163134986 1
163137129 1
163138084 1
163140230 1
163141189 1
163143332 1
163144287 1
163146433 1
163147392 1
163149535 1
163150493 1
163152636 1
163155432 1
163157575 1
163160370 1
163162594 1
163165348 1
163167490 1
163168449 1
163170591 1
163173387 1
163175529 1
163176488 1
163178631 1
163181427 1
163183650 1
163184528 1
163186671 1
163189466 1
163191609 1
163192567 1
163194710 1
163195698 1
163197840 1
163838247 1
247847369 1
247848331 1
247850473 1
247851432 1
247853575 1
247856350 1
247858505 1
247861308 1
247863450 1
247864409 1
247866551 1
247869346 1
247871489 1
247874345 1
247876428 1
247879261 1
247881404 1
247882359 1
247884505 1
247885463 1
247887606 1
247888564 1
247890706 1
247891665 1
247893807 1
247894766 1
247896908 1
247897867 1
247900009 1
247900968 1
247903110 1
247904108 1
247906251 1
247907202 1
247909352 1
247910310 1
247912453 1
247913385 1
247915553 1
247918348 1
247920491 1
247921449 1
247923591 1
247926386 1
247928528 1
247931319 1
247933451 1
247936299 1
247938441 1
247939397 1
247941542 1
247942501 1
247944643 1
247945598 1
247947743 1
247948702 1
247950844 1
247953639 1
247955781 1
247956739 1
247958882 1
247959835 1
247961979 1
247962981 1
247965101 1
247966093 1
247968221 1
247971019 1
247973162 1
247974120 1
247976263 1
247979058 1
247981200 1
247982159 1
247984301 1
247987097 1
247989248 1
247992033 1
247994175 1
247995163 1
247997306 1
248638005 1
332647392 1
332648308 1
332650453 1
332651412 1
332653554 1
332656399 1
332658491 1
332661286 1
332663408 1
332664388 1
332666529 1
332669324 1
332671466 1
332674261 1
332676403 1
332679205 1
332681380 1
332682338 1
332684470 1
332685440 1
332687582 1
332688540 1
332690682 1
332691641 1
332693783 1
332694738 1
332696884 1
332697842 1
332699985 1
332700943 1
332703085 1
332704083 1
332706225 1
332707184 1
332709326 1
332710284 1
332712426 1
332713385 1
332715527 1
332718310 1
332720499 1
332721400 1
332723575 1
332726358 1
332728500 1
332731295 1
332733437 1
332736319 1
332738452 1
332739392 1
332741491 1
332742474 1
332744658 1
332745574 1
332747717 1
332748674 1
332750817 1
332753611 1
332755753 1
332756712 1
332758854 1
332759812 1
332761954 1
332762952 1
332765094 1
332766053 1
332768195 1
332770985 1
332773174 1
332774076 1
332776251 1
332779027 1
332781169 1
332782128 1
332784270 1
332787064 1
332789206 1
332792064 1
332794144 1
332795132 1
332797330 1
333437975 1
417447347 1
417448309 1
417450455 1
417451413 1
417453556 1
417456351 1
417458490 1
417461410 1
417463431 1
417464389 1
417466676 1
417469327 1
417471469 1
417474321 1
417476406 1
417479241 1
417481421 1
417482323 1
417484484 1
417485439 1
417487585 1
417488543 1
417490686 1
417491644 1
417493787 1
417494745 1
417496888 1
417497846 1
417499988 1
417500947 1
417503089 1
417504086 1
417506229 1
417507187 1
417509330 1
417510285 1
417512431 1
417513389 1
417515533 1
417518327 1
417520469 1
417521427 1
417523569 1
417526365 1
417528507 1
417531270 1
417533445 1
417536281 1
417538424 1
417539383 1
417541524 1
417542483 1
417544625 1
417545584 1
417547726 1
417548681 1
417550828 1
417553623 1
417555766 1
417556725 1
417558867 1
417559826 1
417561968 1
417562980 1
417565109 1
417566068 1
417568185 1
417571006 1
417573148 1
417574107 1
417576249 1
417579044 1
417581187 1
417582146 1
417584288 1
417587107 1
417589244 1
417592021 1
417594164 1
417595149 1
417597295 1
418237976 1
502247342 1
502248301 1
502250447 1
502251405 1
502253548 1
502256373 1
502258485 1
502261281 1
502263573 1
502264383 1
502266525 1
502269321 1
502271463 1
502274254 1
502276443 1
502279370 1
502281377 1
502282335 1
502284444 1
502285436 1
502287579 1
502288534 1
502290680 1
502291638 1
502293781 1
502294740 1
502296882 1
502297840 1
502299983 1
502300941 1
502303084 1
502304082 1
502306224 1
502307217 1
502309325 1
502310284 1
502312482 1
502313382 1
502315528 1
502318323 1
502320467 1
502321424 1
502323567 1
502326363 1
502328505 1
502331298 1
502333426 1
502336279 1
502338421 1
502339376 1
502341522 1
502342481 1
502344623 1
502345579 1
502347725 1
502348683 1
502350826 1
502353622 1
502355764 1
502356723 1
502358865 1
502359817 1
502361963 1
502362964 1
502365082 1
502366074 1
502368204 1
502371003 1
502373145 1
502374104 1
502376247 1
502379042 1
502381184 1
502382143 1
502384285 1
502387081 1
502389232 1
502392018 1
502394160 1
502395148 1
502397291 1
503038014 1
587047447 1
587048408 1
587050547 1
587051471 1
587053651 1
587056447 1
587058590 1
587061385 1
587063527 1
587064486 1
587066628 1
587069423 1
587071541 1
587074361 1
587076503 1
587079338 1
587081480 1
587082438 1
587084581 1
587085539 1
587087682 1
587088640 1
587090783 1
587091741 1
587093883 1
587094841 1
587096984 1
587097940 1
587100084 1
587101043 1
587103194 1
587104186 1
587106325 1
587107277 1
587109392 1
587110384 1
587112528 1
587113486 1
587115649 1
587118422 1
587120564 1
587123360 1
587125502 1
587126460 1
587128602 1
587129611 1
587131704 1
587132702 1
587134877 1
587135799 1
587137945 1
587138945 1
587141045 1
587141977 1
587144142 1
587145101 1
587147242 1
587148234 1
587150347 1
587151306 1
587153409 1
587154401 1
587156549 1
587157543 1
587159689 1
587160648 1
587162790 1
587165585 1
587167728 1
587168686 1
587170828 1
587171781 1
587173925 1
587176724 1
587178866 1
587181661 1
587183803 1
587186599 1
587188741 1
587191646 1
587193708 1
587838132 1
671847508 1
671848465 1
671850686 1
671851565 1
671853707 1
671856502 1
671858645 1
671861440 1
671863582 1
671864540 1
671866683 1
671869478 1
671871748 1
671874415 1
671876557 1
671879410 1
671881534 1
671882489 1
671884675 1
671885590 1
671887752 1
671888693 1
671890843 1
671891775 1
671893940 1
671894897 1
671897041 1
671898133 1
671900141 1
671901099 1
671903208 1
671904240 1
671906382 1
671907337 1
671909483 1
671910442 1
671912584 1
671913539 1
671915685 1
671918480 1
671920622 1
671921554 1
671923723 1
671926518 1
671928660 1
671931455 1
671933598 1
671936430 1
671938575 1
671939533 1
671941684 1
671942616 1
671944777 1
671945753 1
671947882 1
671948874 1
671950958 1
671953774 1
671955916 1
671956875 1
671959017 1
671959976 1
671962118 1
671963116 1
671965258 1
671966216 1
671968359 1
671971154 1
671973274 1
671974266 1
671976394 1
671979192 1
671981334 1
671982292 1
671984434 1
671987229 1
671989371 1
671992162 1
671994294 1
671995286 1
671997435 1
672637978 1
756647367 1
756648325 1
756650467 1
756651426 1
756653568 1
756656397 1
756658504 1
756661299 1
756663407 1
756664400 1
756666542 1
756669337 1
756671480 1
756674302 1
756676400 1
756679251 1
756681393 1
756682347 1
756684493 1
756685452 1
756687594 1
756688552 1
756690695 1
756691653 1
756693795 1
756694754 1
756696896 1
756697854 1
756699997 1
756700955 1
756703097 1
756704095 1
756706237 1
756707191 1
756709337 1
756710295 1
756712442 1
756713374 1
756715537 1
756718331 1
756720473 1
756723268 1
756725410 1
756726368 1
756728511 1
756729469 1
756731612 1
756732610 1
756734752 1
756735710 1
756737852 1
756738859 1
756740953 1
756741911 1
756744049 1
756745027 1
756747153 1
756748111 1
756750232 1
756751224 1
756753369 1
756754312 1
756756490 1
756757482 1
756759594 1
756760553 1
756762657 1
756765491 1
756767633 1
756768588 1
756770734 1
756771692 1
756773835 1
756776628 1
756778772 1
756781567 1
756783710 1
756786504 1
756788647 1
756791508 1
756793613 1
757437939 1
