82176611 1
162982802 1
162984942 1
162985900 1
162988039 1
162988996 1
162991136 1
162993928 1
162996068 1
162998859 1
163000999 1
163001956 1
163004096 1
163005053 1
163007193 1
163008150 1
163010290 1
163013121 1
163015260 1
163016218 1
163018357 1
163019315 1
163021454 1
163022411 1
163024551 1
163025508 1
163027648 1
163028605 1
163030744 1
163031701 1
163033841 1
163034798 1
163036938 1
163037934 1
163040074 1
163041031 1
163043171 1
163044128 1
163046267 1
163047224 1
163049363 1
163052155 1
163054294 1
163057085 1
163059224 1
163060181 1
163062321 1
163065112 1
163067251 1
163070082 1
163072221 1
163073179 1
163075318 1
163076275 1
163078415 1
163079372 1
163081512 1
163082469 1
163084609 1
163085566 1
163087706 1
163090497 1
163092637 1
163093594 1
163095734 1
163096730 1
163098870 1
163099827 1
163101967 1
163104759 1
163106898 1
163107856 1
163109996 1
163112787 1
163114927 1
163115884 1
163118023 1
163118981 1
163121120 1
163122077 1
163124217 1
163125204 1
163127344 1
163775565 1
[0;32mI (4417) gpio: GPIO[18]| InputEn: 0| OutputEn: 1| OpenDrain: 0| Pullup: 0| Pulldown: 0| Intr:0 [0m
[0;32mI (6517) gpio: GPIO[18]| InputEn: 1| OutputEn: 0| OpenDrain: 0| Pullup: 1| Pulldown: 0| Intr:3 [0m
247782800 1
247784940 1
247785897 1
247788037 1
247788994 1
247791133 1
247793924 1
247796064 1
247798855 1
247800994 1
247801951 1
247804090 1
247805047 1
247807186 1
247808143 1
247810282 1
247813112 1
247815251 1
247816208 1
247818347 1
247819304 1
247821443 1
247822400 1
247824539 1
247825497 1
247827636 1
247828593 1
247830732 1
247831689 1
247833829 1
247834786 1
247836925 1
247837922 1
247840061 1
247841018 1
247843158 1
247844115 1
247846254 1
247847211 1
247849350 1
247852141 1
247854281 1
247857072 1
247859211 1
247860168 1
247862308 1
247865099 1
247867238 1
247870069 1
247872208 1
247873166 1
247875305 1
247876262 1
247878401 1
247879359 1
247881498 1
247882455 1
247884595 1
247885552 1
247887691 1
247890483 1
247892622 1
247893579 1
247895719 1
247896715 1
247898854 1
247899811 1
247901951 1
247904742 1
247906882 1
247907839 1
247909978 1
247912769 1
247914909 1
247915866 1
247918005 1
247918963 1
247921102 1
247922059 1
247924199 1
247925185 1
247927325 1
248575565 1
[0;32mI (6537) gpio: GPIO[18]| InputEn: 0| OutputEn: 1| OpenDrain: 0| Pullup: 0| Pulldown: 0| Intr:0 [0m
[0;32mI (8637) gpio: GPIO[18]| InputEn: 1| OutputEn: 0| OpenDrain: 0| Pullup: 1| Pulldown: 0| Intr:3 [0m
332582783 1
332584922 1
332585879 1
332588018 1
332588975 1
332591114 1
332593905 1
332596044 1
332598835 1
332600974 1
332601931 1
332604070 1
332605027 1
332607166 1
332608123 1
332610262 1
332613093 1
332615232 1
332616189 1
332618328 1
332619285 1
332621424 1
332622381 1
332624520 1
332625477 1
332627617 1
332628574 1
332630713 1
332631670 1
332633809 1
332634766 1
332636906 1
332637902 1
332640042 1
332640999 1
332643138 1
332644095 1
332646234 1
332647191 1
332649330 1
332652121 1
332654260 1
332657051 1
332659190 1
332660148 1
332662287 1
332665077 1
332667216 1
332670046 1
332672186 1
332673143 1
332675282 1
332676239 1
332678378 1
332679335 1
332681473 1
332682430 1
332684570 1
332685526 1
332687665 1
332688622 1
332690761 1
332693552 1
332695691 1
332698521 1
332700660 1
332701617 1
332703756 1
332706547 1
332708686 1
332709643 1
332711782 1
332712739 1
332714879 1
332717670 1
332719809 1
332722599 1
332724738 1
332727529 1
332729668 1
332732488 1
332734627 1
333375564 1
[0;32mI (8657) gpio: GPIO[18]| InputEn: 0| OutputEn: 1| OpenDrain: 0| Pullup: 0| Pulldown: 0| Intr:0 [0m
[0;32mI (10757) gpio: GPIO[18]| InputEn: 1| OutputEn: 0| OpenDrain: 0| Pullup: 1| Pulldown: 0| Intr:3 [0m
417382794 1
417384933 1
417385890 1
417388029 1
417388986 1
417391126 1
417393917 1
417396056 1
417398847 1
417400986 1
417401943 1
417404083 1
417405040 1
417407179 1
417408137 1
417410276 1
417413107 1
417415246 1
417416203 1
417418343 1
417419300 1
417421439 1
417422396 1
417424536 1
417425493 1
417427632 1
417428589 1
417430728 1
417431685 1
417433825 1
417434782 1
417436921 1
417437917 1
417440057 1
417441014 1
417443153 1
417444111 1
417446250 1
417447207 1
417449347 1
417452138 1
417454278 1
417457069 1
417459208 1
417460165 1
417462305 1
417465096 1
417467235 1
417470066 1
417472205 1
417473163 1
417475302 1
417476259 1
417478399 1
417479356 1
417481496 1
417482453 1
417484592 1
417485550 1
417487689 1
417490480 1
417492620 1
417493577 1
417495717 1
417496713 1
417498853 1
417499810 1
417501949 1
417504741 1
417506880 1
417507837 1
417509976 1
417512768 1
417514907 1
417515864 1
417518004 1
417518961 1
417521100 1
417522057 1
417524197 1
417525184 1
417527323 1
418175563 1
[0;32mI (10777) gpio: GPIO[18]| InputEn: 0| OutputEn: 1| OpenDrain: 0| Pullup: 0| Pulldown: 0| Intr:0 [0m
[0;32mI (12877) gpio: GPIO[18]| InputEn: 1| OutputEn: 0| OpenDrain: 0| Pullup: 1| Pulldown: 0| Intr:3 [0m
502182786 1
502184925 1
502185882 1
502188021 1
502188978 1
502191118 1
502193909 1
502196048 1
502198839 1
502200978 1
502201935 1
502204074 1
502205031 1
502207170 1
502208128 1
502210267 1
502213097 1
502215236 1
502216193 1
502218333 1
502219290 1
502221429 1
502222386 1
502224526 1
502225483 1
502227622 1
502228580 1
502230719 1
502231676 1
502233815 1
502234772 1
502236912 1
502237908 1
502240047 1
502241005 1
502243144 1
502244101 1
502246240 1
502247198 1
502249337 1
502252128 1
502254267 1
502257059 1
502259198 1
502260155 1
502262295 1
502265086 1
502267225 1
502270055 1
502272194 1
502273151 1
502275291 1
502276248 1
502278387 1
502279344 1
502281483 1
502282441 1
502284580 1
502285537 1
502287676 1
502290467 1
502292607 1
502293564 1
502295703 1
502296699 1
502298839 1
502299796 1
502301936 1
502304727 1
502306866 1
502307823 1
502309962 1
502312753 1
502314892 1
502315849 1
502317988 1
502318945 1
502321084 1
502322041 1
502324180 1
502325167 1
502327306 1
502975564 1
[0;32mI (12897) gpio: GPIO[18]| InputEn: 0| OutputEn: 1| OpenDrain: 0| Pullup: 0| Pulldown: 0| Intr:0 [0m
[0;32mI (14997) gpio: GPIO[18]| InputEn: 1| OutputEn: 0| OpenDrain: 0| Pullup: 1| Pulldown: 0| Intr:3 [0m
586982787 1
586984926 1
586985883 1
586988022 1
586988980 1
586991118 1
586993909 1
586996048 1
586998839 1
587000978 1
587001935 1
587004074 1
587005031 1
587007170 1
587008127 1
587010265 1
587013096 1
587015235 1
587016192 1
587018331 1
587019288 1
587021427 1
587022384 1
587024523 1
587025480 1
587027618 1
587028575 1
587030714 1
587031671 1
587033810 1
587034767 1
587036905 1
587037902 1
587040040 1
587040997 1
587043136 1
587044093 1
587046232 1
587047189 1
587049328 1
587052118 1
587054257 1
587057048 1
587059187 1
587060144 1
587062283 1
587065073 1
587067212 1
587070042 1
587072181 1
587073138 1
587075277 1
587076234 1
587078373 1
587079330 1
587081469 1
587082426 1
587084565 1
587085522 1
587087661 1
587090452 1
587092591 1
587093548 1
587095687 1
587096683 1
587098822 1
587099779 1
587101918 1
587104709 1
587106848 1
587107805 1
587109944 1
587112735 1
587114874 1
587115831 1
587117970 1
587118927 1
587121067 1
587122024 1
587124163 1
587125149 1
587127288 1
587775564 1
[0;32mI (15017) gpio: GPIO[18]| InputEn: 0| OutputEn: 1| OpenDrain: 0| Pullup: 0| Pulldown: 0| Intr:0 [0m
[0;32mI (17117) gpio: GPIO[18]| InputEn: 1| OutputEn: 0| OpenDrain: 0| Pullup: 1| Pulldown: 0| Intr:3 [0m
671782781 1
671784920 1
671785877 1
671788016 1
671788973 1
671791112 1
671793903 1
671796042 1
671798833 1
671800972 1
671801929 1
671804068 1
671805025 1
671807164 1
671808121 1
671810260 1
671813090 1
671815230 1
671816187 1
671818326 1
671819282 1
671821422 1
671822379 1
671824518 1
671825475 1
671827614 1
671828571 1
671830711 1
671831667 1
671833807 1
671834764 1
671836903 1
671837900 1
671840039 1
671840996 1
671843135 1
671844092 1
671846231 1
671847188 1
671849327 1
671852118 1
671854257 1
671857048 1
671859187 1
671860144 1
671862284 1
671865075 1
671867214 1
671870045 1
671872184 1
671873141 1
671875281 1
671876238 1
671878377 1
671879334 1
671881473 1
671882430 1
671884569 1
671885526 1
671887666 1
671890456 1
671892596 1
671893553 1
671895692 1
671896688 1
671898827 1
671899784 1
671901923 1
671904714 1
671906853 1
671907810 1
671909949 1
671912740 1
671914879 1
671915836 1
671917975 1
671918932 1
671921071 1
671922028 1
671924168 1
671925154 1
671927293 1
672575563 1
[0;32mI (17137) gpio: GPIO[18]| InputEn: 0| OutputEn: 1| OpenDrain: 0| Pullup: 0| Pulldown: 0| Intr:0 [0m
[0;32mI (19237) gpio: GPIO[18]| InputEn: 1| OutputEn: 0| OpenDrain: 0| Pullup: 1| Pulldown: 0| Intr:3 [0m
756582776 1
756584916 1
756585873 1
756588012 1
756588969 1
756591109 1
756593900 1
756596040 1
756598831 1
756600970 1
756601928 1
756604067 1
756605024 1
756607164 1
756608121 1
756610261 1
756613091 1
756615230 1
756616187 1
756618327 1
756619284 1
756621423 1
756622380 1
756624520 1
756625477 1
756627616 1
756628573 1
756630712 1
756631669 1
756633808 1
756634765 1
756636905 1
756637901 1
756640040 1
756640997 1
756643137 1
756644094 1
756646233 1
756647190 1
756649329 1
756652120 1
756654259 1
756657050 1
756659189 1
756660146 1
756662285 1
756665076 1
756667216 1
756670046 1
756672185 1
756673142 1
756675281 1
756676238 1
756678378 1
756679335 1
756681474 1
756682431 1
756684570 1
756685527 1
756687667 1
756688623 1
756690763 1
756693554 1
756695693 1
756698523 1
756700662 1
756701619 1
756703758 1
756706549 1
756708688 1
756709646 1
756711785 1
756712742 1
756714882 1
756717673 1
756719812 1
756722603 1
756724743 1
756727534 1
756729673 1
756732494 1
756734634 1
757375563 1
[0;32mI (19257) gpio: GPIO[18]| InputEn: 0| OutputEn: 1| OpenDrain: 0| Pullup: 0| Pulldown: 0| Intr:0 [0m
[0;32mI (21357) gpio: GPIO[18]| InputEn: 1| OutputEn: 0| OpenDrain: 0| Pullup: 1| Pulldown: 0| Intr:3 [0m
841382790 1
841384930 1
841385887 1
841388027 1
841388984 1
841391124 1
841393915 1
841396054 1
841398846 1
841400985 1
841401942 1
841404081 1
841405039 1
841407178 1
841408136 1
841410275 1
841413106 1
841415245 1
841416203 1
841418342 1
841419299 1
841421439 1
841422396 1
841424535 1
841425493 1
841427632 1
841428589 1
841430729 1
841431686 1
841433825 1
841434782 1
841436922 1
841437918 1
841440058 1
841441015 1
841443155 1
841444112 1
841446251 1
841447209 1
841449348 1
841452140 1
841454279 1
841457070 1
841459209 1
841460167 1
841462306 1
841465097 1
841467237 1
841470067 1
841472206 1
841473163 1
841475302 1
841476259 1
841478398 1
841479356 1
841481495 1
841482452 1
841484591 1
841485548 1
841487687 1
841490478 1
841492617 1
841493574 1
841495713 1
841496710 1
841498849 1
841499806 1
841501945 1
841504736 1
841506876 1
841507833 1
841509972 1
841512763 1
841514903 1
841515859 1
841517999 1
841518956 1
841521095 1
841522053 1
841524192 1
841525179 1
841527318 1
842175563 1
